pinhole:
  fx: 1771.0855986227757
  fy: 1776.7667224100933
  cx: 1927.7200240290124
  cy: 1969.8244614001965
  width: 3888
  height: 3888
  skew: 0.0
model: omnidirectional_universal
radial_tangential:
  radial:
    - -0.11579694660561331
    - -0.005377650571326906
  t1: 3.656950722517991E-4
  t2: -0.0021226174987299313
version: 0
mirror_offset: 0.9041680341337086